0.0 cs
0 150 150
1 913 913
2 1198 1198
3 528 528
4 163 163
5 52 52
6 19 19
7 11 11
8 4 4
9 2 2
10 1 1
ccomp 73 73
csubj 77 77
csubj:pass 13 13
expl:pass 365 365
expl:pv 378 378
iobj 95 95
nsubj 1776 1776
nsubj:pass 236 236
obj 1511 1511
obl 944 944
obl:arg 285 285
xcomp 303 303

0.0 en
0 1135 1135
1 2101 2101
2 1263 1263
3 422 422
4 93 93
5 25 25
6 9 9
7 1 1
ccomp 25 25
csubj 5 5
expl 3 3
nsubj 1846 1846
nsubj:pass 1127 1127
obj 1473 1473
obl 1824 1824
xcomp 148 148

0.1 cs
0 150 150
1 913 823
2 1198 1084
3 528 524
4 163 163
5 52 52
6 19 19
7 11 11
8 4 4
9 2 2
10 1 1
ccomp 73 73
csubj 77 70
csubj:pass 13 13
expl:pass 365 365
expl:pv 378 368
iobj 95 95
nsubj 1776 1636
nsubj:pass 236 236
obj 1511 1406
obl 944 944
obl:arg 285 274
xcomp 303 246

0.1 en
0 1135 1015
1 2101 1977
2 1263 1200
3 422 422
4 93 93
5 25 25
6 9 9
7 1 1
ccomp 25 25
csubj 5 5
expl 3 3
nsubj 1846 1769
nsubj:pass 1127 1117
obj 1473 1313
obl 1824 1824
xcomp 148 145

0.2 cs
0 150 149
1 913 735
2 1198 1049
3 528 515
4 163 163
5 52 52
6 19 19
7 11 11
8 4 4
9 2 2
10 1 1
ccomp 73 72
csubj 77 69
csubj:pass 13 13
expl:pass 365 364
expl:pv 378 356
iobj 95 92
nsubj 1776 1575
nsubj:pass 236 235
obj 1511 1335
obl 944 944
obl:arg 285 258
xcomp 303 228

0.2 en
0 1135 938
1 2101 1848
2 1263 1141
3 422 422
4 93 93
5 25 25
6 9 9
7 1 1
ccomp 25 25
csubj 5 5
expl 3 3
nsubj 1846 1676
nsubj:pass 1127 1074
obj 1473 1214
obl 1824 1824
xcomp 148 133

0.3 cs
0 150 135
1 913 676
2 1198 981
3 528 509
4 163 163
5 52 52
6 19 19
7 11 11
8 4 4
9 2 2
10 1 1
ccomp 73 68
csubj 77 69
csubj:pass 13 13
expl:pass 365 347
expl:pv 378 345
iobj 95 88
nsubj 1776 1502
nsubj:pass 236 222
obj 1511 1258
obl 944 944
obl:arg 285 249
xcomp 303 223

0.3 en
0 1135 856
1 2101 1726
2 1263 1073
3 422 420
4 93 93
5 25 25
6 9 9
7 1 1
ccomp 25 23
csubj 5 5
expl 3 3
nsubj 1846 1557
nsubj:pass 1127 1038
obj 1473 1112
obl 1824 1824
xcomp 148 128

0.4 cs
0 150 128
1 913 613
2 1198 943
3 528 498
4 163 163
5 52 52
6 19 19
7 11 11
8 4 4
9 2 2
10 1 1
ccomp 73 67
csubj 77 66
csubj:pass 13 13
expl:pass 365 338
expl:pv 378 336
iobj 95 87
nsubj 1776 1449
nsubj:pass 236 213
obj 1511 1197
obl 944 944
obl:arg 285 242
xcomp 303 204

0.4 en
0 1135 764
1 2101 1574
2 1263 1036
3 422 419
4 93 93
5 25 25
6 9 9
7 1 1
ccomp 25 23
csubj 5 5
expl 3 3
nsubj 1846 1477
nsubj:pass 1127 969
obj 1473 1040
obl 1824 1824
xcomp 148 120

0.5 cs
0 150 126
1 913 607
2 1198 935
3 528 497
4 163 163
5 52 52
6 19 19
7 11 11
8 4 4
9 2 2
10 1 1
ccomp 73 67
csubj 77 66
csubj:pass 13 13
expl:pass 365 334
expl:pv 378 334
iobj 95 87
nsubj 1776 1442
nsubj:pass 236 210
obj 1511 1188
obl 944 944
obl:arg 285 242
xcomp 303 204

0.5 en
0 1135 743
1 2101 1555
2 1263 1020
3 422 419
4 93 93
5 25 25
6 9 9
7 1 1
ccomp 25 22
csubj 5 5
expl 3 3
nsubj 1846 1456
nsubj:pass 1127 962
obj 1473 1018
obl 1824 1824
xcomp 148 120

0.6 cs
0 150 5
1 913 19
2 1198 29
3 528 2
4 163 0
5 52 0
6 19 0
7 11 0
8 4 0
9 2 0
10 1 0
ccomp 73 0
csubj 77 0
csubj:pass 13 0
expl:pass 365 8
expl:pv 378 5
iobj 95 1
nsubj 1776 31
nsubj:pass 236 8
obj 1511 17
obl 944 0
obl:arg 285 7
xcomp 303 6

0.6 en
0 1135 114
1 2101 137
2 1263 33
3 422 0
4 93 0
5 25 0
6 9 0
7 1 0
ccomp 25 1
csubj 5 0
expl 3 0
nsubj 1846 76
nsubj:pass 1127 69
obj 1473 56
obl 1824 0
xcomp 148 1

0.7 cs
0 150 4
1 913 6
2 1198 9
3 528 0
4 163 0
5 52 0
6 19 0
7 11 0
8 4 0
9 2 0
10 1 0
ccomp 73 0
csubj 77 0
csubj:pass 13 0
expl:pass 365 2
expl:pv 378 2
iobj 95 0
nsubj 1776 11
nsubj:pass 236 2
obj 1511 4
obl 944 0
obl:arg 285 3
xcomp 303 0

0.7 en
0 1135 55
1 2101 64
2 1263 8
3 422 0
4 93 0
5 25 0
6 9 0
7 1 0
ccomp 25 0
csubj 5 0
expl 3 0
nsubj 1846 33
nsubj:pass 1127 27
obj 1473 20
obl 1824 0
xcomp 148 0

0.8 cs
0 150 0
1 913 3
2 1198 2
3 528 0
4 163 0
5 52 0
6 19 0
7 11 0
8 4 0
9 2 0
10 1 0
ccomp 73 0
csubj 77 0
csubj:pass 13 0
expl:pass 365 1
expl:pv 378 0
iobj 95 0
nsubj 1776 3
nsubj:pass 236 1
obj 1511 1
obl 944 0
obl:arg 285 1
xcomp 303 0

0.8 en
0 1135 30
1 2101 35
2 1263 4
3 422 0
4 93 0
5 25 0
6 9 0
7 1 0
ccomp 25 0
csubj 5 0
expl 3 0
nsubj 1846 17
nsubj:pass 1127 16
obj 1473 10
obl 1824 0
xcomp 148 0

0.9 cs
0 150 0
1 913 0
2 1198 0
3 528 0
4 163 0
5 52 0
6 19 0
7 11 0
8 4 0
9 2 0
10 1 0
ccomp 73 0
csubj 77 0
csubj:pass 13 0
expl:pass 365 0
expl:pv 378 0
iobj 95 0
nsubj 1776 0
nsubj:pass 236 0
obj 1511 0
obl 944 0
obl:arg 285 0
xcomp 303 0

0.9 en
0 1135 6
1 2101 6
2 1263 0
3 422 0
4 93 0
5 25 0
6 9 0
7 1 0
ccomp 25 0
csubj 5 0
expl 3 0
nsubj 1846 4
nsubj:pass 1127 1
obj 1473 1
obl 1824 0
xcomp 148 0

1.0 cs
0 150 0
1 913 0
2 1198 0
3 528 0
4 163 0
5 52 0
6 19 0
7 11 0
8 4 0
9 2 0
10 1 0
ccomp 73 0
csubj 77 0
csubj:pass 13 0
expl:pass 365 0
expl:pv 378 0
iobj 95 0
nsubj 1776 0
nsubj:pass 236 0
obj 1511 0
obl 944 0
obl:arg 285 0
xcomp 303 0

1.0 en
0 1135 0
1 2101 0
2 1263 0
3 422 0
4 93 0
5 25 0
6 9 0
7 1 0
ccomp 25 0
csubj 5 0
expl 3 0
nsubj 1846 0
nsubj:pass 1127 0
obj 1473 0
obl 1824 0
xcomp 148 0

