-e 
09:33:16	Extraction of frames from a parallel corpus
0.0 3041
0.1 2833
0.2 2700
0.3 2553
0.4 2434
0.5 2417
0.6 55
0.7 19
0.8 5
0.9 0
1.0 0
[((1, 2), 2085), ((1, 3), 107), ((1, 4), 86), ((1, 5), 44), ((1, 6), 30), ((1, 7), 38), ((1, 8), 13), ((1, 9), 17), ((1, 10), 17), ((1, 11), 15), ((1, 12), 29), ((1, 13), 16), ((1, 14), 3), ((1, 15), 8), ((1, 16), 2), ((1, 17), 7), ((1, 18), 6), ((1, 19), 3), ((1, 20), 5), ((1, 22), 12), ((1, 26), 8), ((1, 28), 5), ((1, 29), 5), ((1, 40), 5), ((1, 46), 5), ((1, 53), 2), ((1, 56), 10), ((1, 57), 6), ((1, 60), 3), ((1, 61), 1), ((1, 261), 21), ((2, 3), 31), ((2, 4), 152), ((2, 5), 11), ((2, 6), 4), ((2, 7), 4), ((2, 8), 3), ((2, 9), 3), ((2, 10), 1), ((2, 11), 3), ((2, 12), 4), ((2, 13), 3), ((2, 14), 1), ((2, 16), 1), ((2, 18), 2), ((2, 23), 1), ((2, 29), 1), ((2, 47), 1), ((2, 57), 4), ((2, 62), 2), ((2, 262), 4), ((3, 4), 13), ((3, 5), 3), ((3, 6), 74), ((3, 7), 3), ((3, 8), 2), ((3, 10), 1), ((3, 12), 1), ((3, 14), 1), ((3, 15), 3), ((3, 24), 1), ((3, 30), 1), ((3, 31), 1), ((3, 48), 1), ((3, 59), 1), ((3, 63), 1), ((3, 263), 2), ((4, 5), 2), ((4, 7), 2), ((4, 8), 27), ((4, 9), 1), ((4, 10), 2), ((4, 11), 2), ((4, 12), 2), ((4, 32), 1), ((4, 43), 1), ((4, 63), 1), ((4, 64), 1), ((4, 264), 2), ((5, 6), 1), ((5, 9), 1), ((5, 10), 5), ((5, 14), 1), ((5, 18), 1), ((5, 60), 1), ((5, 265), 2), ((6, 7), 1), ((6, 9), 1), ((6, 10), 1), ((6, 12), 5), ((6, 62), 1), ((7, 8), 1), ((7, 14), 3), ((7, 62), 1), ((7, 267), 1), ((8, 16), 4), ((8, 268), 1), ((9, 269), 1), ((11, 22), 2), ((12, 16), 1), ((12, 23), 1), ((16, 32), 1)]
0.0 5049
0.1 4742
0.2 4477
0.3 4203
0.4 3921
0.5 3865
0.6 284
0.7 127
0.8 69
0.9 12
1.0 0
[((1, 2), 2938), ((1, 3), 246), ((1, 4), 151), ((1, 5), 62), ((1, 6), 54), ((1, 7), 58), ((1, 8), 40), ((1, 9), 28), ((1, 10), 39), ((1, 11), 26), ((1, 12), 19), ((1, 13), 28), ((1, 14), 5), ((1, 15), 21), ((1, 16), 5), ((1, 17), 3), ((1, 18), 6), ((1, 19), 9), ((1, 20), 13), ((1, 21), 17), ((1, 22), 2), ((1, 23), 6), ((1, 24), 4), ((1, 25), 1), ((1, 26), 15), ((1, 27), 2), ((1, 28), 1), ((1, 34), 9), ((1, 36), 15), ((1, 39), 3), ((1, 41), 3), ((1, 43), 7), ((1, 46), 3), ((1, 53), 6), ((1, 56), 6), ((1, 61), 12), ((1, 77), 1), ((1, 79), 10), ((1, 97), 3), ((2, 3), 113), ((2, 4), 395), ((2, 5), 38), ((2, 6), 17), ((2, 7), 16), ((2, 8), 10), ((2, 9), 13), ((2, 10), 6), ((2, 11), 3), ((2, 12), 6), ((2, 13), 5), ((2, 14), 5), ((2, 15), 1), ((2, 16), 2), ((2, 17), 1), ((2, 18), 2), ((2, 19), 1), ((2, 20), 3), ((2, 21), 3), ((2, 22), 3), ((2, 27), 6), ((2, 29), 1), ((2, 35), 1), ((2, 37), 1), ((2, 42), 1), ((2, 44), 1), ((2, 47), 1), ((2, 54), 2), ((2, 57), 2), ((2, 62), 2), ((2, 78), 1), ((2, 80), 6), ((3, 4), 36), ((3, 5), 18), ((3, 6), 101), ((3, 7), 10), ((3, 8), 3), ((3, 9), 2), ((3, 10), 2), ((3, 11), 3), ((3, 12), 1), ((3, 13), 2), ((3, 16), 2), ((3, 17), 2), ((3, 21), 2), ((3, 22), 1), ((3, 23), 2), ((3, 27), 1), ((3, 28), 4), ((3, 36), 2), ((3, 79), 1), ((3, 81), 4), ((3, 99), 1), ((4, 5), 22), ((4, 6), 16), ((4, 7), 5), ((4, 8), 44), ((4, 9), 1), ((4, 10), 2), ((4, 11), 1), ((4, 12), 2), ((4, 13), 2), ((4, 15), 1), ((4, 18), 2), ((4, 19), 1), ((4, 46), 1), ((4, 64), 1), ((4, 100), 1), ((5, 6), 20), ((5, 7), 5), ((5, 8), 3), ((5, 9), 1), ((5, 10), 27), ((5, 15), 1), ((5, 18), 2), ((5, 25), 1), ((5, 101), 1), ((6, 7), 7), ((6, 8), 5), ((6, 9), 4), ((6, 11), 1), ((6, 12), 19), ((6, 13), 2), ((6, 16), 2), ((6, 17), 1), ((6, 18), 1), ((6, 29), 1), ((6, 58), 1), ((6, 66), 1), ((7, 8), 2), ((7, 9), 2), ((7, 10), 4), ((7, 14), 7), ((7, 85), 1), ((8, 9), 2), ((8, 14), 2), ((8, 16), 10), ((8, 86), 1), ((9, 10), 1), ((9, 12), 1), ((9, 15), 1), ((9, 17), 2), ((9, 18), 6), ((10, 11), 2), ((10, 13), 1), ((10, 14), 1), ((10, 16), 1), ((10, 20), 4), ((10, 22), 1), ((11, 12), 2), ((11, 14), 1), ((11, 22), 1), ((11, 46), 1), ((12, 15), 1), ((12, 23), 1), ((12, 24), 3), ((12, 30), 1), ((13, 14), 1), ((13, 15), 1), ((13, 16), 1), ((13, 33), 1), ((13, 65), 1), ((14, 15), 1), ((14, 17), 1), ((14, 28), 3), ((15, 30), 1), ((15, 35), 1), ((16, 94), 2), ((17, 27), 1), ((18, 19), 1), ((19, 26), 1), ((22, 44), 1), ((23, 24), 1), ((24, 48), 1), ((27, 29), 1), ((27, 54), 1), ((28, 36), 1), ((31, 83), 1), ((32, 33), 1), ((36, 39), 1), ((36, 72), 1), ((42, 84), 1), ((45, 90), 1), ((52, 104), 1), ((55, 110), 1), ((78, 156), 1), ((96, 192), 1)]
