-e 
09:32:58	Extraction of frames from a parallel corpus
0.0 749
0.1 734
0.2 716
0.3 691
0.4 664
0.5 662
0.6 4
0.7 2
0.8 1
0.9 0
1.0 0
[((1, 2), 647), ((1, 3), 26), ((1, 4), 15), ((1, 5), 8), ((1, 6), 6), ((1, 7), 3), ((1, 9), 1), ((1, 10), 4), ((1, 11), 2), ((1, 14), 2), ((1, 26), 7), ((1, 32), 3), ((2, 3), 1), ((2, 4), 8), ((2, 5), 1), ((2, 6), 1), ((2, 10), 1), ((2, 11), 1), ((2, 15), 1), ((2, 17), 1), ((2, 33), 1), ((3, 4), 1), ((3, 5), 1), ((3, 6), 1), ((3, 7), 1), ((3, 11), 1), ((3, 28), 1), ((4, 8), 2), ((8, 9), 1)]
0.0 1032
0.1 1026
0.2 1018
0.3 988
0.4 963
0.5 961
0.6 10
0.7 2
0.8 0
0.9 0
1.0 0
[((1, 2), 916), ((1, 3), 25), ((1, 4), 21), ((1, 5), 9), ((1, 7), 1), ((1, 8), 2), ((1, 10), 4), ((1, 12), 2), ((1, 13), 1), ((1, 22), 2), ((2, 3), 7), ((2, 4), 28), ((2, 5), 2), ((2, 20), 1), ((2, 23), 1), ((3, 4), 2), ((3, 6), 3), ((4, 6), 1), ((4, 8), 2), ((5, 9), 1), ((6, 12), 1)]
