-e 
09:32:39	Extraction of frames from a parallel corpus
0.0 259
0.1 256
0.2 250
0.3 244
0.4 241
0.5 240
0.6 1
0.7 1
0.8 0
0.9 0
1.0 0
[((1, 2), 238), ((1, 3), 3), ((1, 4), 2), ((1, 5), 3), ((1, 6), 1), ((1, 7), 2), ((1, 8), 2), ((1, 15), 1), ((1, 16), 2), ((2, 4), 1), ((2, 5), 1), ((2, 7), 1), ((2, 17), 1), ((3, 4), 1)]
0.0 315
0.1 315
0.2 313
0.3 309
0.4 306
0.5 306
0.6 1
0.7 0
0.8 0
0.9 0
1.0 0
[((1, 2), 300), ((1, 3), 3), ((1, 4), 4), ((1, 9), 1), ((2, 3), 1), ((2, 4), 4), ((2, 19), 1), ((3, 6), 1)]
